Real Value (z)	Prediction (y)
9.677760346	9.750510004219922
1.548418627	2.0736015231271843
6.98487809	7.686096058378439
4.318168471	4.1266135547039156
6.825921059	6.851353690609319
7.221146441	8.205773662925484
9.546514723	10.64855446421317
10.5757794	10.247147800605166
1.50543927	2.6857037991525345
11.91286468	12.83778431236825
7.163379181	7.501799610901546
4.630155437	4.172013148726837
4.575572037	4.084148349635548
13.05365419	13.695374749022221
14.30377268	13.753000609149339
6.788506425	6.605852536885855
7.108454518	7.390407747723085
3.350150692	3.8604366451317595
2.18111294	2.1293188051507066
9.190441083	9.90322935504275
10.21150457	11.457938070221363
6.83966165	6.818129433320777
3.875675204	3.7408532043255036
4.706197586	4.430413036231148
6.787096336	7.427048020506362
6.584745735	6.751585779826911
0.91057717	1.1315183536488505
3.218552513	3.36489259853062
10.51019823	11.512489747816215
1.82887865	2.490622162588206
2.370348061	1.0789285044437236
9.915586591	11.016892180696473
3.892637922	3.072815124264917
4.282303313	3.6703509863936183
0.942670188	2.080938930648262
7.719724672	7.413781409508658
12.79863969	11.329802113275214
8.543812657	7.779950305551857
0.650651384	1.928840902395212
4.06697194	3.514290727958187
4.255082273	3.8724969508226117
1.643168341	2.2293549445889376
3.338626804	2.6185065343537843
7.825302587	8.699416881039955
4.361534699	3.5898624331519855
7.097274986	6.619247772027492
3.796456208	3.252039539065052
13.42943289	13.917825792992339
9.168788478	10.190650581735849
5.653526848	5.682579502531585
3.609860209	3.065235736153305
3.035060811	3.3844525861365007
12.5573657	11.106530671547066
13.61060401	12.446480337549755
14.51317433	14.001960917323188
4.374164687	4.163365385845154
15.40643822	14.814704725747681
4.387811898	3.9927031267757336
11.38868953	12.381900130098405
1.840042994	1.375960334856682
2.954102371	2.645685013916946
12.03109181	11.201752360780318
6.234462354	6.2514422700363355
1.870474954	2.910550998757241
9.793632586	9.036126976868637
2.599407583	3.3967679425783928
11.35770939	12.51178391552996
2.708307209	2.047938687782832
1.714486355	1.939884685621827
4.99939771	4.9903160570104035
3.315258365	2.6772383965638333
14.6723437	15.007510803562425
13.14489637	12.9007309574949
7.661801458	7.630939382889828
4.139233108	4.093670829036228
6.443881339	7.125768648860781
-0.033386512	1.3327594820921256
5.932992676	6.0382476482098255
9.780552091	8.68527450129303
5.369335706	5.49574171956294
14.75901155	14.206866397519896
7.653318401	7.630301255951583
6.365846952	6.693907078795444
0.738361192	2.0373406696245517
6.706543464	7.173881364891727
5.723723958	5.735718484225657
8.046629418	8.256636112996276
11.22942783	12.026152865965162
3.276846561	3.924442668943673
5.676592957	5.676646771624657
1.646045548	2.6595767779578026
9.152340842	9.549565528015314
13.07525213	12.58952561434079
3.228542331	3.9227634130520883
8.389205237	9.693399588979641
11.48957748	11.486589441017461
14.52645154	13.54162484587141
7.981174445	8.325173682470467
8.066628332	8.684591725793215
7.169606768	7.4315553949443895
9.988416761	10.66223511430406
1.402518631	2.136689927712524
10.27465136	11.056563454361815
2.123315024	1.6452669089994885
2.529382228	3.2092984554674615
2.934349384	3.1885095573161237
3.932119011	3.3827882004745256
3.74357586	4.055540185076097
13.99418434	12.571893588781336
4.049767533	4.235470615507776
8.391849226	8.637122802952547
2.07297172	2.749951908429093
10.97025089	9.7320730288492
9.444250849	9.209299258202051
11.07970809	10.994981194151954
4.127093237	3.7991030358063504
3.306985221	3.8395551291455696
1.467327768	1.9075611675540145
9.131062596	10.42087209025453
8.026941851	7.379696977649374
3.903608426	3.7580844179494832
14.12820718	14.324310041558235
13.33315135	13.741893196667348
2.621249543	2.1566199811917848
6.14621417	6.133440368602898
14.43907825	13.798585520770146
1.808957436	2.8464987354232214
2.592143215	2.3686564966741663
1.770054143	2.305134391619628
2.179036827	2.6628729061241962
6.423820214	6.1927692492280535
2.98622084	3.772125813319658
2.65357607	3.4830582028737815
8.541549664	8.366253864064397
2.53817138	2.8378925576325784
1.008384618	2.2131977503015996
0.159361958	0.9783903236979441
6.466344934	6.420308960183053
8.94300719	8.747266746256653
6.915473169	6.817366081932725
3.208144637	3.009948697586889
4.632174162	4.877534897986809
2.018374914	2.1267842028536954
9.352360354	10.342242905620978
14.4879541	13.408190858214951
2.592201928	2.9661752393208936
13.80240649	14.475109216643261
2.743812361	2.6259029310999935
0.248199917	1.0321561694375063
8.253015223	8.292418264551234
13.94385834	14.00613893125903
6.165652797	6.124025846352193
3.280398226	2.5636889464962813
11.31619824	12.413503982245775
8.402279012	8.528783582731322
2.260699126	3.218728999841055
9.828267016	10.796625821223557
7.709981199	7.665483487651301
7.605589901	7.860760231620645
10.60516149	10.967952598255795
2.834139809	2.982949384461307
1.326162339	1.5743384816607318
4.427137478	3.9105796018418317
11.54313781	12.47338650349327
4.058046243	4.364959171928287
10.22324652	10.18083164375686
6.775674676	7.417892215367466
9.868310877	8.61372276727894
12.5299554	12.523087152441256
14.05634357	14.305260183517262
2.845184885	3.453243027858619
7.423867676	8.066470151619558
4.117041831	3.991733924364638
13.47899577	13.827776190629933
5.776823532	6.0138331167336965
4.603293868	4.715117848006951
7.941055516	8.271743357003551
11.59387234	11.039173515537506
7.676411177	8.551953214784863
3.158029306	2.910891093403478
7.941118861	8.854171181458476
12.43080516	12.122011163995833
10.17787251	10.77660915686917
2.735078593	3.0931268359098922
3.60298576	4.094479371289413
4.276118448	4.3458751058284655
1.253110187	1.2171864951703206
2.83647885	3.4935920395306788
3.932225732	4.048370827672958
4.392092206	3.843483456069894
7.780214522	7.77434661301319
2.893960302	1.9670122424040777
5.725696471	5.785438550452309
1.580718763	1.0446396542881828
7.479525068	7.007093946418678
3.130816327	3.1990731567203845
7.827715712	7.162430020426246
9.118949328	8.890625163949565
11.80536855	12.122151567708652
2.201074761	1.8457700703983377
